1180400011804000
1180400111804001
1180400211804002
1180400311804003
1180400411804004
1180400511804005
1180400611804006
1180400711804007
1180400811804008
1180400911804009
1180401011804010
1180401111804011
1180401211804012
1180401311804013
1180401411804014
1180401511804015
1180401611804016
1180401711804017
1180401811804018
1180401911804019
1180402011804020
1180402111804021
1180402211804022
1180402311804023
1180402411804024
1180402511804025
1180402611804026
1180402711804027
1180402811804028
1180402911804029
1180403011804030
1180403111804031
1180403211804032
1180403311804033
1180403411804034
1180403511804035
1180403611804036
1180403711804037
1180403811804038
1180403911804039
1180404011804040
1180404111804041
1180404211804042
1180404311804043
1180404411804044
1180404511804045
1180404611804046
1180404711804047
1180404811804048
1180404911804049
1180405011804050
1180405111804051
1180405211804052
1180405311804053
1180405411804054
1180405511804055
1180405611804056
1180405711804057
1180405811804058
1180405911804059
1180406011804060
1180406111804061
1180406211804062
1180406311804063
1180406411804064
1180406511804065
1180406611804066
1180406711804067
1180406811804068
1180406911804069
1180407011804070
1180407111804071
1180407211804072
1180407311804073
1180407411804074
1180407511804075
1180407611804076
1180407711804077
1180407811804078
1180407911804079
1180408011804080
1180408111804081
1180408211804082
1180408311804083
1180408411804084
1180408511804085
1180408611804086
1180408711804087
1180408811804088
1180408911804089
1180409011804090
1180409111804091
1180409211804092
1180409311804093
1180409411804094
1180409511804095
1180409611804096
1180409711804097
1180409811804098
1180409911804099
1180410011804100
2331023310
2331123311
2331223312
2331323313
2331423314
2331523315
2331623316
2331723317
2331823318
2331923319
2332023320
2332123321
2332223322
2332323323
2332423324
2332523325
2332623326
2332723327
2332823328
2332923329
2333023330
2333123331
2333223332
2333323333
2333423334
2333523335
2333623336
2333723337
2333823338
2333923339
2334023340
2334123341
2334223342
2334323343
2334423344
2334523345
2334623346
2334723347
2334823348
2334923349
2335023350
2331023310
2331123311
2331223312
2331323313
2331423314
2331523315
2331623316
2331723317
2331823318
2331923319
2332023320
2332123321
2332223322
2332323323
2332423324
2332523325
2332623326
2332723327
2332823328
2332923329
2333023330
2333123331
2333223332
2333323333
2333423334
2333523335
2333623336
2333723337
2333823338
2333923339
2334023340
2334123341
2334223342
2334323343
2334423344
2334523345
2334623346
2334723347
2334823348
2334923349
2335023350
